9517
14958
7447
22780
13868
24393
11165
22045
6948
12283
7456
23088
8794
12944
5229
22439
8425
19439
21052
26777
11231
17584
8100
28283
6330
11403
7152
13064
5125
9370
9647
21755
11452
17660
7607
11379
6403
10173
6004
10363
5630
10093
17158
27413
8673
15597
11270
35398
7233
8739
6835
19209
9362
16462
7276
25424
12673
20758
3677
10918
11279
16665
12261
22508
16130
69201
33189
40351
13223
21354
7443
13216
10258
17385
8319
12358
9873
18224
6530
12200
6487
11286
9989
15531
19207
25838
19506
24896
7051
10535
6185
11260
8698
13784
7944
12307
7222
21061
10199
19965
10691
22874
5876
19376
23707
25408
21365
29432
7112
13366
8280
17256
4952
11742
10244
19814
6608
31775
10388
30018
9583
13394
4659
6339
5927
10419
7530
13569
5200
17486
21224
28099
7005
11272
4692
18745
11996
18226
9087
15001
8648
12721
7098
15128
7402
18803
16986
16894
77126
42432
9687
25178
2962
6204
5079
11550
8240
13259
7920
13018
5045
27161
6948
19618
10272
15921
14119
24063
7543
17384
7549
15745
6495
12089
4435
18207
9930
18198
11950
22434
13699
21289
13712
19019
5514
7828
9972
39425
10070
20269
9647
20766
11340
21155
15010
20116
14073
19388
10708
17986
11620
32275
9360
21138
8121
21551
12998
26994
11665
16827
7150
9953
8578
12722
10686
18160
7470
13112
9395
15143
7460
12277
6360
11312
6699
20930
8676
15167
24053
33061
24891
34132
31084
35598
5240
18703
8212
16071
10495
26540
13927
24640
6618
9582
3855
14427
15860
23888
12997
16780
9919
26801
7810
23259
17204
27446
7658
20220
15502
27662
8346
17729
7320
12088
7085
15178
7241
11966
16970
28043
49523
85051
69954
76812
32348
38116
3921
6017
3740
6259
4704
12630
5663
9043
7746
13227
8009
23028
4550
16972
13690
26327
13055
18878
3299
8849
5340
7920
3550
7529
8545
16756
8659
14239
5712
24237
18385
24052
8612
17744
10122
21956
15773
35181
2017
5759
6256
14476
3497
10553
7859
12633
8236
21836
5056
11584
4383
22941
14512
21081
7926
14897
8486
14401
7033
11352
11193
18000
15947
21630
14699
28214
11683
18697
6942
14057
4594
17132
4132
20685
23555
30567
71922
36077
107210
65457
19096
21035
3638
5656
8627
14001
6457
24246
6353
16973
18652
32628
17230
30135
9918
15994
4560
7541
5089
8403
5542
9476
7393
14914
7721
15266
8491
13855
7377
12352
6688
11896
6735
14831
7535
15273
5814
31660
20550
26137
8628
17644
8594
19261
11862
18200
11943
17609
4151
16997
5386
15711
9715
15258
5117
18726
12247
17069
4501
24387
4599
16554
4354
17188
13403
17789
7869
13210
8046
19338
8051
20020
14490
19429
5900
11472
5717
11364
6486
16065
15410
22336
8224
30980
11560
16684
7285
10022
3948
16583
14165
21657
13371
16905
11234
15109
9251
15704
8645
18081
4849
27288
21033
26315
11607
28740
6224
9471
2735
4294
3790
19536
8960
16467
9478
13576
9112
14264
7559
15026
6317
27961
13481
40667
12908
21071
2426
7414
6040
21710
9958
16436
9027
22198
24210
33719
18483
40420
2682
11390
10040
14137
19844
25313
14497
28776
6211
13207
7003
13789
6847
14525
5475
21720
6842
16911
3869
20738
11599
13363
7488
12140
21235
116902
79156
38420
92249
46480
16542
41991
5916
8811
3406
13188
18375
28098
14549
22792
11414
18993
8091
18899
11039
20110
6878
13080
7513
14035
6303
21398
11673
18163
4349
14052
8600
19238
12322
20303
8554
27724
6082
12235
27047
37106
13870
19167
12994
26897
8913
11127
3109
8436
2598
5991
120210
74884
125916
85917
39182
45773
4087
9424
21810
23648
2622
4022
3882
15839
6519
12143
5208
21579
4358
16255
9326
19695
16549
28916
7445
45244
12561
17199
8584
30238
13816
31968
46705
53598
9864
21477
13512
20937
9412
10859
5043
15509
10079
13938
8072
18755
5013
16902
14160
24793
9052
15754
5103
13946
7943
11777
6733
21303
14305
18683
7113
24870
12406
18243
53080
68655
28937
36598
8354
14021
1774
7421
47445
53194
128826
105250
64958
20191
72029
26454
8508
12509
4939
15692
10630
17033
9832
21875
12972
17817
9782
15162
12767
17145
8754
12737
14792
44509
16209
22158
12925
18077
4132
9580
10437
20004
10134
20602
5134
13168
4814
20710
14195
21474
15026
30757
13183
19462
3614
6718
3977
16943
12257
16932
9602
13924
8208
13122
12331
19471
29923
76055
29257
33762
3520
6528
12477
37875
9506
17619
3192
13237
10314
21876
9084
18997
3388
12075
14296
22583
13561
21376
4735
18248
14043
29243
12670
36517
5872
13117
10638
16458
7969
24416
3426
6926
8847
14930
14938
21356
9543
17440
9794
14215
7806
21937
4278
13539
7841
13335
12347
22470
14913
29757
10348
23135
13688
23160
13524
17943
10350
30758
14388
40863
18977
26990
9384
14035
3127
6890
11171
16938
19747
27013
5586
16790
9421
18284
5079
27518
4934
11832
5825
22011
4943
22252
12034
20038
4605
20697
9009
23181
38769
58209
29734
17014
72569
32595
6511
9679
4852
23300
6853
27715
16076
25346
7635
10405
8898
22463
6508
10928
14877
22007
7425
15856
10361
18711
19987
61074
36120
48757
13384
16355
25062
58068
27899
35114
4586
7240
10711
17228
15535
17450
7155
12474
5040
22026
6177
20582
15109
28649
13137
21892
25177
31043
6560
10908
15119
19405
17453
34772
8735
10643
13083
19172
10052
19176
8388
20021
5413
13238
5576
16462
23526
26180
4848
10532
8295
23606
7453
10589
16019
18393
6757
9234
6855
8803
6004
18583
12267
17313
10979
12272
8567
11266
24083
58606
17829
57787
16519
30452
7948
17083
8902
14961
4844
12530
4971
22641
31903
79275
37703
44541
4901
16049
7078
9148
5935
18053
7963
13387
28296
38441
11242
16793
11807
25848
3764
11410
6736
11480
3040
10059
11388
27826
19601
22547
10439
24524
12976
28450
6408
8279
19054
24677
7962
23372
14506
23824
15619
21051
15791
35364
15108
37872
4063
6443
4245
9010
3389
5225
9439
14649
8821
25957
8644
15678
8077
25942
7415
12089
9648
28106
9672
19089
7673
13150
7237
11497
8163
14015
12952
25120
23779
26634
30942
55016
19321
32726
8148
11923
7676
19797
7328
22285
37379
50691
37284
47559
2437
13044
21729
34247
7682
10045
10091
23685
7148
16055
