14663
25440
12558
17875
21307
25950
12294
27176
6747
22970
7261
23418
5898
8830
57678
60321
28572
38021
9308
45878
6058
8565
3995
24989
33827
39337
25509
46035
17253
62840
27556
43890
22106
38962
25349
40433
12427
30702
7355
33820
22381
33221
17303
33369
8604
28801
6315
24731
36354
14318
67955
28614
5858
12127
13043
25324
5565
8533
9175
22683
4987
22633
4658
12740
8513
18894
12397
37579
10618
16614
4173
38837
7517
31264
8126
29180
4799
16233
20755
21704
24048
30868
9273
20230
9317
15056
20165
26250
58782
75458
37429
69715
24884
52955
17781
24528
6264
11776
9797
29175
11599
16656
18945
25567
7042
23407
7253
31492
5594
27172
7395
27102
9051
34857
15511
31207
17735
24297
18046
24131
3160
6672
16228
56964
12430
24855
10383
22746
25772
53148
9973
14485
5118
12184
33769
45757
9903
12596
5825
8247
5129
7847
2609
6287
5376
36565
9994
30981
6185
8534
10585
35981
7126
19528
4566
12394
8068
13628
7915
20435
7930
33768
4812
7383
11151
25914
14391
27013
22982
39373
61462
80135
38192
40718
5530
12453
9783
33229
9659
27734
8553
17496
15252
30700
10852
11847
16499
22635
35394
36179
8087
10324
11632
21289
6406
18807
14477
22620
2712
6049
14723
24900
15732
26150
13563
23195
16293
27059
27501
53369
30360
42069
50586
5957
68285
28897
13360
23570
16170
17094
5773
22014
3767
8155
21530
28246
7576
10913
8889
23380
6985
17314
9508
18409
7793
18202
14437
29145
16451
35347
7726
27081
7682
24391
20491
32343
20354
22067
18137
27301
8297
24187
17733
170425
156360
125382
205338
115915
88374
210383
72498
38465
211592
25721
58480
31929
294036
251757
238495
192573
44975
158003
111445
74560
31517
41926
8617
49169
19139
25990
24898
33689
4910
19824
15907
18996
386822
386781
415930
450056
419226
375140
374398
691743
343530
651286
607818
321980
577682
292564
256378
211083
171646
129483
91643
50285
633956
684699
664636
640807
201907
157979
628313
588381
139595
103054
58894
17730
574431
536718
494212
452575
405188
359725
315153
273315
235145
190732
47340
150585
104247
9120
63934
19014
5084
20148
22388
34509
9543
24590
8768
23384
3105
7560
3402
16973
10810
17786
6805
9887
7570
21542
4595
9140
4471
10427
2877
7601
15632
17830
20619
41552
15727
33108
12806
19535
6076
13692
9549
26431
15625
39654
15470
33641
7589
40457
5127
14274
16149
70623
32935
75698
35621
52420
15622
90787
53643
72186
36554
38878
13645
31618
19023
32408
19592
40517
8533
25592
10183
25612
8622
33527
34180
39386
6580
17608
6128
23116
23018
58015
31063
40308
9628
32044
9315
32025
9795
21121
5199
21762
17076
26060
9878
17126
13991
28492
7837
14109
9030
24402
23795
35497
3393
21741
7035
21449
7315
27985
10054
16871
11042
30228
3329
11405
4292
13308
3410
8055
4543
8415
4702
8246
7890
20053
12197
22106
11003
25252
28130
52149
12896
35144
21508
29855
12584
27541
10031
22660
3741
15369
8377
18604
18924
29673
14132
23585
7712
18122
6895
11151
4235
8540
9418
18602
5525
33555
8354
15936
11610
24409
7578
57347
25268
52619
33144
54616
8306
25650
9321
17365
8358
17193
6283
10960
8534
25687
4107
15731
5011
17167
3593
7729
3414
7668
8326
32490
4856
20249
13770
17031
3026
6286
4257
15735
7398
16733
4966
10188
3949
14155
3726
9730
6563
20943
4793
36489
24875
31652
13848
17125
4405
6496
13212
20655
16517
38460
17091
26391
4177
8627
11183
29248
13833
23601
4416
6562
6866
21926
9008
19673
14891
25518
10239
24239
5684
7692
4671
16132
5863
21876
5574
20714
14217
17335
6782
15999
5009
17015
4740
16397
63555
36988
170294
94020
194820
107332
112172
71462
34344
241409
196255
156884
74885
178513
138688
91584
47766
61673
65920
69658
6869
15580
10630
40670
86761
117648
81892
85694
53754
21239
77658
43683
13775
20325
40551
48905
13493
21714
7000
23656
12029
23869
7075
18074
5686
15342
12502
26005
12124
18947
4628
10035
4998
13963
5879
19999
11068
18707
5996
11024
3028
12346
4642
12720
5999
11780
6998
12604
4337
14197
19055
33973
5976
29028
4737
16063
3705
17090
5161
15068
6583
21972
6071
30417
6347
20256
15648
26641
7441
17078
6221
31755
23056
35279
36320
22245
83517
63296
27695
42702
95709
58771
21569
30572
42370
45668
3511
17976
3639
17303
3649
14176
4720
15909
16665
21021
4760
10217
4694
11656
3440
11647
3288
7762
6571
14084
2624
10239
10933
19367
5225
16549
9298
20539
4094
9390
3361
8516
2838
8219
10392
13345
4722
9934
11922
21084
3213
11220
4494
9996
4920
14325
5887
14201
18064
32075
3920
10630
8134
11656
5596
17407
19019
37453
6334
17012
5209
20301
21195
32926
35952
45392
6436
19877
3640
17192
4635
14110
4275
14928
5212
16221
11223
20356
13252
19127
3643
14732
20326
29660
14382
22168
25974
38219
22237
32233
7841
17180
5168
8834
5162
10025
3781
9252
6163
14989
2944
9989
35266
46757
8217
28776
8185
24947
10328
12179
4100
11028
14648
18553
20220
36928
33042
44053
12109
18577
12599
25032
6356
9393
7886
15143
8626
17984
12629
33006
2732
8146
11845
29196
3615
7207
8861
18551
4602
8916
14883
32764
7537
13667
22159
37826
15898
17243
3084
19355
9419
13461
9428
18223
21718
24867
16688
20993
12158
17112
4908
16589
10572
17768
3372
11140
10516
19492
6701
29468
3215
13413
10912
27131
7663
16413
8502
16798
11162
20226
7322
29919
2483
6956
20905
44538
7054
10205
7153
27005
2356
12476
7468
20346
11862
18329
24691
28645
9898
19230
7430
27693
6638
18111
2569
11083
11022
31392
8416
32288
6052
17333
8337
15222
4728
20439
7699
29754
6597
19556
7152
33441
6958
17192
19811
34423
4908
9951
8400
15113
7077
27769
2418
7527
12878
22415
18863
27575
11801
13399
11538
14742
8930
20632
27130
31364
8481
17475
23351
36396
12265
18055
3376
12297
16554
18714
3274
13838
10214
23363
2311
10317
17769
29017
10093
24724
9911
26776
2722
26904
24711
28831
18006
23114
10078
34531
8851
14667
12039
19553
17215
28590
14438
17542
12548
31343
16149
28482
6603
24362
6180
15013
11412
27942
24113
40099
12843
22269
2376
9335
7932
18899
15094
28388
9831
14769
17057
27756
16440
18691
6887
25145
25372
32301
