7355
6192
6491
6275
7779
10309
2533
7044
6539
5976
10053
15631
8246
6037
7131
6364
9934
12940
11478
4880
6983
7509
7466
9843
5875
5737
6791
6760
8874
11382
8039
6976
7243
6093
6938
9039
5195
4960
6327
6513
7787
9718
5419
6413
6279
5417
7750
10750
6174
5896
6442
5840
7273
9306
5628
5115
6552
5985
6682
8496
5983
5767
5992
6237
7908
9879
5383
5343
6260
6338
9065
10123
5301
6389
5797
5544
7354
9737
6308
6545
6699
5758
7340
9450
5453
5960
6906
6117
7337
9313
5900
6997
6678
6511
7973
10076
5983
5580
6329
6111
8031
10704
6847
5726
3946
6530
8331
10881
8845
7388
7234
7172
9394
11812
9681
7218
7367
6971
6086
9557
8054
7117
8212
7179
8138
10425
8574
6755
7347
6509
9613
10865
8395
6390
6819
6055
8772
9984
6427
6068
6102
5523
7670
9765
5811
7159
7014
6324
9376
10223
6829
5747
6826
5224
7289
9270
5277
5262
6318
5846
6967
8548
5796
6219
6553
5303
8508
9403
4913
5323
5627
6254
6074
8326
5806
5879
6707
5665
7695
9437
6475
6567
7034
6276
7396
9926
5316
5564
6678
5205
8360
9465
6214
5189
6992
6358
7041
9015
5846
5631
6196
8043
6680
5553
7465
5740
7010
8939
6341
5908
6747
6563
5341
7230
5929
6052
6437
5616
6525
8353
5755
6005
6567
5155
7521
9902
8660
6373
7837
5334
6918
8940
6306
5775
6687
13265
7566
14013
14685
7051
6749
5926
7559
9884
6935
6164
7505
6192
7605
9384
5751
5862
7254
5904
6683
8534
6566
5450
8651
6578
6287
8346
9043
6330
7322
5503
6158
8012
6803
4797
7101
5470
6394
8051
7822
6197
6709
5857
6666
9073
7554
6072
7073
5843
6663
8273
6030
5423
6517
5530
7086
9451
6826
5535
6479
5524
6928
8746
8197
6239
6740
5157
6841
8704
6986
5851
6929
6185
5954
8064
6862
6080
5784
5415
5992
7912
7392
5946
5958
6019
5575
7916
6433
6433
6045
6866
7928
8978
6639
5789
6760
6172
5517
7608
8196
4487
6751
5689
6514
8409
7491
5858
6607
5848
6597
8528
7491
7446
6079
6767
7981
8915
6278
5605
6618
5822
7129
8118
6857
5208
6938
5871
5787
7454
6545
5279
6705
5385
6171
7690
7174
4959
6151
5591
7078
7908
5888
5342
6723
4271
5264
7293
6431
5580
5273
6072
5942
7893
6617
6449
7199
5896
6871
9430
6114
5300
6792
5927
6546
8480
4744
5589
6322
8309
5861
5339
5846
5810
6265
8108
5691
5722
6367
5243
5526
7098
5872
5325
5969
6549
6189
8148
6016
5906
5320
5816
6337
8186
6008
5249
4728
6781
6572
8312
5467
5197
6287
6648
6628
8409
5158
4090
6402
5660
6428
8291
6396
5604
5756
6448
6821
8824
5920
5149
5020
5990
6144
8320
5956
5105
5333
6487
7232
9111
6921
6312
5991
6791
6769
9140
6474
5348
5364
5796
5936
7815
5880
5227
5578
6620
6269
7667
6797
5784
5615
6209
6505
9003
5683
5556
5008
6150
6558
8466
5553
5276
5350
4378
5040
7575
5443
5045
5726
5746
5767
7662
5824
5794
6350
6602
6578
8510
6403
5062
5403
5932
6201
8173
5569
5530
4727
6459
6070
8070
6012
5477
4794
5698
7322
9737
5506
4902
7768
6608
2904
9025
7047
6302
6853
7447
7668
8775
6047
5100
5059
6190
6040
7877
5514
5927
4981
6478
6520
8343
5955
5470
5676
5919
6699
9106
5500
6700
5263
5896
6464
8430
6717
6332
6346
6698
6267
8319
5787
6409
6209
4825
5867
7581
6571
5745
5575
6481
5680
7448
7777
3049
6850
6393
5879
8738
6289
6291
5772
6274
6492
8537
7075
5266
5604
5968
6505
6103
6317
6256
6497
8570
6863
6248
5887
6567
7825
9405
6185
6422
5879
6832
6563
8694
4142
6022
5599
6868
5970
8097
6469
6723
5766
7140
6803
9502
6536
6238
5536
6892
6249
8751
3413
6334
5207
6426
6812
9295
5359
6299
5391
6322
6524
8950
4937
6808
6557
6187
5890
8512
5910
6060
5886
6684
6338
8576
6184
5719
5535
7287
5833
8304
5819
6078
5658
6373
5980
8208
6181
5829
5411
6063
8290
9371
6961
6871
4189
6326
6578
8431
5646
5671
5392
6354
7649
8602
5298
5739
5817
6468
5686
7972
5276
5526
5253
6673
5576
7987
6283
6736
5689
6827
6335
8505
5633
6134
5753
7045
6361
8739
5748
6217
5343
6127
6081
8560
5239
5313
5371
6533
6129
8073
5370
6582
6144
6785
6823
9020
11299
8302
5583
6486
8287
9976
5689
5686
5477
6150
5656
8081
5863
6416
6206
5930
3378
5723
5427
5992
4126
6199
6039
8064
5204
5821
5880
6629
5913
7793
5219
5383
5564
5867
3559
6034
5822
6993
4918
6645
6213
8377
5945
5863
4537
6439
5852
8220
5386
6574
5542
5739
6344
9013
5536
6524
5987
5403
3592
5603
6089
5849
5807
6167
6288
8706
5460
5818
11712
17283
10439
3772
6680
7543
7039
9792
5701
7212
6840
7274
7683
9785
5284
6645
5733
6468
7267
8999
5259
6557
6110
5691
6906
8976
5103
26077
6818
28623
20373
12495
7220
6174
4654
8220
7176
9210
6037
8167
6013
5762
7458
9474
6579
8268
6633
6439
6936
9267
4408
6909
5771
6126
8359
9536
5277
7100
5202
6766
7121
9615
5010
6727
4886
6309
7141
8882
5570
6204
5579
6212
7426
9205
4996
6158
5834
6018
6709
9030
5136
6699
5512
6219
7209
8962
5262
6635
5139
6083
6934
8567
5608
6710
6333
6012
7207
9354
5749
6663
6042
6294
7125
9912
6023
6190
5766
7056
6905
9381
6245
6643
5848
6382
7075
9295
5323
6687
5460
5463
7577
10655
7125
7079
6330
6542
3001
5427
5388
5659
5857
6361
5630
8023
6385
8064
22635
23603
37161
37946
31052
27323
20114
7035
19370
15178
7308
6610
4728
5394
7314
8902
4705
6060
5288
5415
6864
8998
5381
5832
5699
5690
7050
8987
5408
6834
5963
5167
6441
8338
5407
6169
4915
4935
6971
8675
5155
5962
5407
5605
6015
8790
5178
5938
5436
5346
6684
8840
5234
5943
5501
5275
6684
9146
5695
6499
6480
6025
7801
9797
