5140
7793
6003
4774
4985
4394
4643
6540
5755
4191
5421
4878
3517
5987
6225
4190
4293
3718
5935
6284
5727
4210
4177
6596
6346
7616
3530
5895
4360
4896
7658
8011
4570
6330
4257
5320
3845
6586
4393
3759
5207
3937
5279
7018
6369
4287
6038
5819
6530
6723
6080
2617
4160
5826
4890
6519
6106
3958
3252
6162
6287
7191
4264
5697
4387
4432
5164
7517
4432
4717
4437
4381
5301
7375
4067
4296
5985
4275
5357
6299
6792
4501
5209
4284
4875
7975
6085
4419
3810
6512
6108
6407
3684
3834
5520
6443
5792
9203
4403
4516
4370
5403
7617
8581
4718
5535
4151
4629
7728
8030
4231
3952
5258
5004
5768
6732
4448
3973
5085
4538
4697
6255
6151
4483
4210
4128
5292
7433
6217
5056
4332
6995
6075
7524
5469
6313
4659
6873
3608
8903
4053
5600
4683
5454
7850
8777
5169
4635
3992
3586
6011
6911
3784
3589
5317
4700
5851
6130
5669
4043
4672
6536
7148
8096
6185
4002
2137
6656
5977
8235
4649
5069
3582
4695
6575
7304
4716
4180
3734
5164
7503
8394
4092
2267
3895
3837
5111
6231
5722
4062
3324
3865
3935
4849
3877
3280
3471
6182
5541
5865
3338
5297
4142
5565
3866
5802
3633
3098
3762
6368
4092
4326
2626
3804
5362
6008
3919
2216
1931
3144
4905
5147
3671
2382
3771
3173
4886
5127
4962
3793
2660
5320
4251
4555
3964
2660
1977
3709
3498
4247
3862
3979
3009
3744
2379
5604
3650
2582
3166
4272
4846
5129
4240
4461
3955
3731
3716
5055
5052
2828
2960
2196
3125
5499
4289
3211
3245
4035
4109
4883
4583
5046
3779
4393
5380
6953
3934
3127
4497
3926
4012
4932
5348
3237
4098
5405
4184
5130
3191
5266
3604
3957
3062
5426
1942
3994
1955
2436
3249
6505
3985
4094
3643
3704
2558
5597
4428
4089
3429
5830
3875
4916
1878
2651
1757
4070
3633
4280
3723
2256
2529
2000
4324
6446
1989
4100
3244
3728
5347
6073
2605
2187
4154
2188
2293
5365
5496
3009
3115
5370
3760
6101
2767
2790
1964
5222
4520
5986
1684
5408
3637
2682
1890
7106
1684
4342
3362
2441
2523
7327
2780
4129
2036
3858
4963
5653
3503
3957
2164
5464
3924
4947
4574
3289
2913
3612
4211
4531
3492
3315
3071
3770
5563
6597
2018
1723
2732
3583
4830
5829
3992
3931
2946
3947
4153
5191
2046
7646
3768
5181
5826
5075
5539
8867
15757
16236
8392
6898
5465
5513
9293
11452
4012
5306
6635
5787
6186
6945
4753
3547
3926
6747
4781
5678
4416
6491
3746
5603
9649
10591
4838
7080
4012
4052
8808
9084
2120
5361
5510
4263
6062
8565
1890
4287
4030
4429
5681
5876
5297
4321
2555
3785
4917
5338
4723
4089
1699
3704
3304
3622
3348
2786
3061
3180
3903
4521
1995
4056
2247
3315
3797
6106
3546
3037
1350
2974
4108
4448
1950
3207
3650
1956
2779
5451
3062
3324
2456
4016
1415
4486
3322
4327
2834
2244
3214
6570
3432
2255
2960
1909
4826
5801
3229
3449
1306
2014
3528
5079
5318
2507
1746
3372
4217
4616
5058
3424
1526
4251
2699
5037
1911
4892
1308
2591
5842
7623
3443
3401
1447
2933
4870
5702
2783
1719
3793
1956
2594
5011
3264
2867
2482
2414
2680
4968
3377
3013
2406
3548
1240
5172
3816
4046
2814
2622
6065
6447
3264
3024
2752
2143
3351
4956
3333
3910
4156
4250
4610
5235
5473
2381
3539
4807
2354
3511
1954
2650
1824
4076
2270
4391
3583
5382
3134
3915
3108
7836
3258
4624
3702
3684
4550
7284
1722
2045
3911
3108
3119
3736
3318
2672
1982
3964
3169
1941
3264
3304
4476
5789
3030
3613
2962
3242
3880
4456
3576
4383
1655
2666
4014
5324
3804
3497
2520
1903
3349
6000
3440
3081
1584
2740
1728
3634
3520
3832
1444
1733
4267
5224
1835
2878
2448
3179
2504
5172
3297
1946
2168
1230
1589
4743
3534
3003
2178
1934
1178
4959
3493
2153
1824
2463
4550
5852
3637
3266
2443
3104
3949
4773
1850
3134
3269
2235
1542
5565
3872
2169
1284
2106
2081
5502
1861
2669
2759
2646
2614
5329
1963
3215
2353
3031
5443
5620
3182
2760
3619
2930
2959
5684
3412
2396
1515
2893
3366
4940
3510
1705
1682
2396
3729
5170
1933
3218
1431
1599
3451
4936
3081
2571
2893
2634
2108
5562
2109
1601
3108
3614
5050
5296
2883
3198
2901
2849
4670
5323
3766
2797
2768
2614
4631
5294
3358
2738
2868
2497
4161
5094
1674
3364
2006
3093
3966
5248
3307
3130
1557
1557
4595
5495
3445
3018
2362
3000
3739
4692
3590
3688
2508
2246
2752
5140
4141
2413
3306
1830
4173
5426
1903
2524
1278
1387
4092
4996
3909
2157
1493
2643
5009
5634
2590
4189
1599
3171
2966
3384
3247
1808
2334
1878
4649
5413
3644
3489
4898
6063
1911
3150
2431
2015
4654
5874
3276
3548
2082
3626
4145
4588
3582
3457
2197
3884
4665
5842
1927
1894
1946
2256
5283
5525
3317
2877
1218
2337
3532
4635
3489
3098
2382
3017
3117
5058
4440
3979
4837
4941
5629
6897
3523
1505
2579
2924
5344
6027
3776
3318
2172
2014
2479
5497
3808
2936
2421
2330
1907
5845
3505
3401
1927
2886
4334
5410
3445
1959
3038
1636
4748
5032
3362
3501
1455
3050
4286
5012
2533
2572
1385
2249
2763
5204
1778
2526
1629
3388
4417
4973
3684
1988
3379
3248
4955
5568
3234
2925
2512
2234
4127
5141
3283
2248
3182
3167
5449
5663
3359
2527
3158
2744
3003
3966
3549
3651
3360
2718
4241
5049
3686
2631
2136
2128
2308
5320
3639
2592
2323
2762
3276
4375
3304
3052
1456
2534
3099
5376
3461
2687
2858
3019
5156
5456
3174
1500
1788
2370
4694
4904
3725
3643
2608
2664
3557
4850
1935
1318
1689
1785
4151
5382
3827
1611
2735
3052
3426
4979
1844
1553
3051
2671
4447
5228
2760
1958
1657
2492
4279
4537
3839
2680
2752
2117
4489
4706
3881
1726
2999
3037
3988
4712
3752
2834
2279
2563
3245
3003
2797
1421
4007
5058
1847
2042
2826
2809
3367
4432
3451
3286
2142
3086
3953
4708
3362
2728
3183
1677
4683
5158
3813
4125
3168
2545
4375
5038
3473
3687
1506
1942
4797
4998
3671
1479
3321
2540
4191
4420
2412
1688
1389
2430
6920
7934
3425
3614
3699
3138
5269
5618
3252
2496
3916
2706
3720
4261
3332
3513
3349
3379
4149
4808
1532
2565
2300
1606
4103
4663
3560
1630
3708
3579
3527
4494
3599
3498
4461
3458
4815
5015
3170
1845
3538
3500
2127
3122
3201
1884
3198
3349
3027
4065
3514
3349
3800
3136
4608
5161
3373
3149
3412
3188
3283
4199
3096
3376
1989
2990
3995
4784
1824
2796
1826
3515
3572
4621
2166
1720
3780
3077
2550
4825
1649
2962
3381
1739
2244
3281
3128
2541
1790
3759
3947
4631
2832
1502
2219
2826
1747
4941
3360
1690
3733
2734
3709
4063
1795
2654
3414
1525
4117
4811
2068
2445
3814
1324
3918
4666
3167
2574
2868
2513
1715
3853
2080
3293
3012
1843
2935
3594
2940
2888
3393
2888
2408
4637
1954
2772
3505
1859
2726
3866
3283
2057
3085
2106
3762
4153
1629
2418
3269
1754
3343
4396
3560
1508
1730
4507
4040
1530
3292
2491
1908
4859
4004
3396
1866
3107
4384
4502
3636
3995
3495
2999
2888
4926
3941
2955
2992
2336
3461
4128
2935
1652
4055
2765
4628
4833
2259
2527
3078
2869
2531
4502
2634
2005
3484
2761
3303
4230
2163
2258
2893
2661
3068
4125
1740
1309
3358
2443
3813
4870
1830
2375
2606
1479
2231
4345
3616
2446
2909
1914
2957
5629
3101
3455
3233
3201
7076
7868
4747
3696
6004
4996
4136
5427
3842
4211
3521
3711
5424
7066
4408
4190
3126
2308
5347
6223
3094
3369
2308
2378
2557
4760
1983
2063
2096
1816
4427
4620
4165
3924
3084
2524
3513
4616
1909
1997
2758
1645
3759
5097
2012
3477
2582
6030
4655
5821
3312
2069
3821
2424
6193
7257
2443
4020
4160
4104
5174
5810
1733
3693
3743
3858
2110
3725
3920
1824
3765
3590
5426
5614
3928
3342
3404
1394
3843
4951
3398
1618
3455
3409
4770
5373
4220
3590
3575
1709
4057
4898
4395
2054
2734
3327
4683
5127
3673
3462
1852
3297
4153
5191
3622
3451
2183
3110
2623
3572
3544
2430
2919
2856
2803
3803
3639
1380
2731
2855
2957
3798
1528
2063
3105
2888
2935
4185
2231
2871
3853
4558
2307
2290
2699
2881
2346
4358
3617
2336
2673
2532
3612
3904
1756
2187
3063
2434
3692
4501
3978
2687
2277
2281
3090
5129
3701
3649
2060
2988
1774
4239
3303
1508
2110
1771
3793
4426
3770
2258
2235
2949
3384
4304
1948
1239
3077
2855
1636
3008
3077
1397
2874
2191
3528
4680
3706
1380
2807
2009
2878
4096
3842
1554
2779
1655
2420
4564
3742
2406
2138
3258
5036
5343
3647
1418
1488
1627
1666
4497
2196
2217
1503
2791
2407
4387
3621
2340
2642
2329
2916
4807
1892
5182
3608
3435
4476
4782
2254
2434
1316
2972
3210
3845
3971
1963
2307
3773
3990
5056
3564
2005
1237
3256
3127
3668
2062
2392
1986
2763
3836
4681
3841
2496
1957
3199
2332
4627
3671
1380
1483
1688
4530
4662
3483
2201
1185
3536
3397
4276
3675
3173
2863
1847
3812
4248
2169
2324
1490
3059
2583
3536
3606
2279
1171
1659
1629
4467
4233
2065
2686
3611
3451
4412
4045
1831
2540
3411
1751
2515
3811
1963
1578
2791
1493
4252
2115
1306
2803
2465
3864
4910
7394
3516
3704
1732
4530
4815
3616
3112
2084
1644
2212
3880
2075
2165
3678
3849
3817
2401
1869
1647
2466
4135
1867
2327
2216
3286
2841
3777
3411
2488
2523
3157
3416
3950
2512
2834
2288
3707
3566
3978
2209
2439
2322
3372
2288
4299
3574
2343
1259
3017
1525
4295
3350
2278
2320
2909
3583
4419
2012
2874
1641
3299
3394
4476
1846
2501
1556
3287
3748
4277
2996
2340
2890
1771
3075
3200
3250
1892
2584
2911
3379
4180
2984
2899
2104
2664
3555
4261
2554
2243
2880
3190
3589
4324
3718
1897
2017
3104
4667
5277
2976
2062
3416
3517
2493
3052
3648
1992
2320
3882
2434
4485
2072
1406
2334
1808
1877
3448
3245
1842
3630
3017
4024
4685
1914
2374
1528
3638
3167
3723
3391
1270
1633
3299
3410
4605
2612
1857
3017
2968
2369
3857
3506
2451
2302
3476
3417
3937
3522
2136
2271
1896
1941
3671
3538
2621
2943
3269
3557
4350
3397
1926
2761
3130
2636
4894
3331
2298
2694
1509
3623
3955
1855
1889
2261
3671
3508
4161
3123
2414
2101
3165
1890
4850
1791
2402
1640
1348
3935
4507
2988
2658
2981
2157
3092
4997
3307
1070
2549
3116
1805
4909
3295
2908
2189
2935
3218
4215
3566
2595
1383
3513
3204
3720
3450
1824
3171
4607
1690
3094
1414
3319
2396
4358
2648
1164
3015
2997
3543
3721
2212
3593
2640
3377
1736
5000
3344
1867
2127
1701
3677
4046
1609
1354
1696
3673
4349
4491
3184
2708
2742
2336
3757
4415
2407
2628
1378
2448
1768
4585
3073
1468
1384
3015
3029
3716
2759
2418
2328
2114
2984
3880
1721
1312
1161
3232
1736
2789
1542
2610
1577
1914
2549
4664
3157
2453
2073
3144
2536
3144
3462
2357
2688
2246
3004
3790
3237
1798
1337
3312
3018
4064
1525
1206
1878
3562
3296
4358
3312
1704
2299
1506
2662
3604
3663
2245
1715
3114
2827
3754
1743
2661
2528
2408
1571
4231
2584
2397
2335
2989
1784
2729
2416
1321
2365
1649
1801
3352
1518
1748
2752
3253
2274
4092
1610
2858
3417
2524
2876
3393
3739
1879
2749
2090
2488
4671
3124
2256
2285
1735
1128
4135
3386
2943
2281
2763
2968
3859
3769
2034
1974
1858
3182
4187
3397
1922
2933
3064
2702
3677
3419
2353
1583
3605
3602
4218
3399
2018
2134
2703
3500
4011
3657
2485
2576
1890
3540
4236
3338
1310
1354
3327
3370
3933
3355
1368
1314
2992
3084
3918
3810
2176
1411
2182
1382
4772
2674
1553
1666
4332
3184
3009
2644
2187
1577
3016
1646
2918
2814
2616
2651
4704
3028
3537
2373
1304
4122
4317
3321
2702
1463
2739
3682
4278
3628
3030
2361
2515
3241
3849
3161
1110
2678
2828
2498
4517
3612
3013
2150
1362
4037
4526
3322
2941
3181
2557
2565
4999
3061
3086
1281
2747
2364
4621
2033
3349
2570
1774
3802
4544
1821
3214
1927
2004
1528
5024
3287
1650
2412
2133
2018
3406
3329
2764
2125
2507
1899
4320
1811
1511
1818
3217
2614
3380
2630
3118
2144
1334
1470
4690
3465
3697
3245
3342
1458
5405
1625
2063
2703
2477
2761
2923
3222
3012
1511
2595
1587
2421
3182
3039
1514
2723
2729
2917
3357
3116
2629
2138
3973
4720
3079
1728
2055
1462
3374
4517
1665
1447
1469
2737
2347
4161
1977
2973
2287
1669
3550
4174
3387
2708
2317
1992
1736
4800
3275
1701
1986
2410
3496
4115
2694
3014
2325
2727
3244
4394
3532
3809
2765
1705
3868
4603
3281
2143
1356
2674
1978
3511
3047
3553
1953
1616
3589
4868
3272
1775
1556
2577
2663
4580
1755
3091
2347
2133
1342
3798
2062
1660
2436
1398
2351
4670
3365
1777
2869
2939
2357
3217
1415
2899
4339
4558
1439
2941
2255
2451
3813
4565
3028
2652
2873
1773
3995
4621
3270
2065
2533
2932
3078
4183
1626
1374
2899
2855
2603
4499
3199
3133
2934
2368
1926
4882
1429
2722
2206
2043
4289
4975
1875
2792
2148
2295
3217
3840
3678
1863
2698
1496
3897
4405
3321
2598
2211
3072
2252
4735
3595
3943
2354
2528
3620
3886
3262
3026
1884
3065
3915
5220
1702
3126
2772
2666
2312
4549
3513
2971
1934
2637
1657
3799
1623
2607
2859
2109
2817
4681
3117
3044
2354
2879
2096
4208
3494
2683
1632
1271
4501
5107
3244
2803
2119
2553
2011
5173
3205
3391
1827
2239
1096
4648
3375
2898
2191
1872
1872
4706
3391
2811
1246
2261
1924
5247
2549
2726
2324
2540
3108
3871
1856
2497
2259
2434
4551
4766
3168
2814
2271
1788
5695
5843
2622
2230
1379
2310
1892
3834
1699
1688
1607
2731
2655
5017
3306
2352
2735
2502
4191
4883
3112
2249
2501
1813
1536
4741
3246
1879
1929
2944
3068
4229
3447
3068
2327
2644
3883
4908
3513
2241
2009
1403
4494
5119
3496
2194
1119
2315
2125
5903
1606
2684
2773
2112
1169
4865
3502
1472
4601
5718
3230
1409
1854
1591
5484
5579
2097
2058
3507
3325
4447
5581
3522
2972
3358
2739
4087
5103
2947
3892
3175
3401
4386
5179
3140
2836
3282
3397
4223
5026
3002
3149
3948
2939
2977
4041
2620
2460
2174
2066
3780
4597
2749
2562
2556
2287
3707
4751
2567
2240
2754
2280
4081
4849
2968
2343
2447
2176
2480
4896
3085
2709
2417
2792
3987
4278
2766
2945
2439
2701
3166
3981
2706
2156
2047
2599
2524
4771
2663
2316
2436
2356
4072
4646
3258
2085
1965
2477
3612
4441
2828
2912
2115
2280
3455
4038
2885
2890
2125
2736
3109
4004
2866
2210
2232
2428
3477
4276
3351
2580
2536
2786
3696
3886
2898
2718
2631
3080
3219
4542
3177
2796
2216
2722
3802
4628
3185
2159
2261
2402
3335
3906
3291
2877
2155
2407
3240
4259
3205
2611
2766
3527
3767
4355
2914
3106
2095
2229
3129
4223
2901
2189
3151
2929
3235
4031
2797
2366
2416
2856
3819
4069
3165
2517
1931
2282
2899
3784
2804
2722
2138
2657
3162
3825
2977
2583
2727
2402
3413
4391
3030
2257
2737
3048
3531
3702
3039
2771
2611
2433
2908
3940
2759
2346
2522
2571
3325
3966
2821
2538
5085
6021
3207
3237
3497
2944
3561
4487
3053
3179
3327
3136
4594
5005
3237
2995
3204
3134
4103
4397
2845
3253
3392
3307
4653
4926
2963
3235
3724
2883
3133
4308
3120
3128
3503
3185
3733
5018
3040
3132
3598
3379
4881
5145
3765
2925
3260
3543
3610
4776
3343
3069
3104
2795
3343
4112
2773
2893
2521
2703
2865
3902
2734
2429
3224
3012
3347
3972
3159
2637
2591
2120
2840
3825
2590
2508
2713
2345
3563
4124
2640
1772
2990
2804
3777
4111
3021
2214
1866
2252
3159
3997
3033
2607
3572
2516
3709
3959
3325
2751
2571
2518
2799
3815
2869
2995
2958
2524
2784
3745
3214
2140
3251
2397
3597
3812
2857
2038
3493
2156
2595
3447
3343
2462
3179
2411
2493
3426
2851
2490
2955
2370
2518
3551
3044
2288
3022
2021
2642
3512
2524
2250
3229
2292
2326
3400
2733
2164
2933
2183
3835
4239
2720
2358
2836
2512
3689
4162
2907
2669
2672
2502
2824
3921
2668
2399
2988
2562
3139
3989
2668
2505
3126
2360
2777
3707
2624
2368
2499
2553
2741
3592
2962
2308
2927
2452
2509
3461
3039
2108
2865
2434
2534
3908
2708
2317
2699
2369
3025
2052
2821
2099
2698
3630
3018
2196
3359
3110
2546
3552
3074
2873
3557
2680
4334
4948
5769
3432
3199
3023
3090
4541
3102
2815
3538
2914
4584
5638
3169
3053
3320
3330
3751
4727
2917
3189
3316
3162
4680
5312
2922
3633
3359
3119
3100
4183
2940
2881
3064
3642
3736
4858
3345
3032
3805
3184
3695
4853
3416
1994
3722
3116
4763
5524
3053
3869
3871
3250
5749
7586
4076
2577
3862
3649
3016
3599
3563
3678
2452
3159
2667
4337
3249
3406
2427
3540
3690
4807
3673
3659
2770
3482
3523
4021
3073
3795
2710
3163
3525
3953
3083
2821
2701
3197
3471
3766
3431
3049
2855
3237
3673
4088
3170
3294
2735
3037
3400
3788
3394
3271
2551
2632
2743
3248
3429
3294
2756
3275
3830
4338
3460
3263
2399
3544
3490
4751
3399
2208
2459
3495
3944
4312
3105
3626
2316
3281
3457
4061
3546
3752
2532
3150
3128
3581
3193
3718
2290
3155
2949
3332
3663
2655
2808
3320
4046
4318
3311
3560
2442
3207
2974
3561
3378
3062
3024
3252
3347
3944
2990
3086
3022
3555
3648
4260
3945
3690
2814
2925
3391
4116
3126
3873
3985
2748
3203
4163
3221
3911
3800
4948
3627
3286
3358
3066
4103
4307
4168
2458
2607
2402
3350
4037
3945
3094
3680
2846
4265
5056
4778
2965
3104
2458
4057
4676
4149
3033
2594
3202
2638
4627
4779
3195
3991
2440
4517
4813
3593
2453
2293
2387
2609
3594
3575
2810
2223
2289
2839
3810
3644
2545
2356
2302
3531
4085
3219
2724
2491
1588
2669
3701
5120
2831
3309
3160
4145
5240
3701
2969
3066
3546
4286
4635
4457
3265
3196
3183
3863
4929
3971
3122
3119
3213
4200
5331
3812
2581
3283
3371
3539
4749
3302
2805
3122
3405
4015
4741
4232
2726
3181
3231
3483
4498
3436
3366
3093
3189
3729
4780
4427
3327
3297
3536
4985
5264
3680
3115
3277
3298
3399
3962
3222
2198
2386
2212
2480
3533
3707
2587
2340
2598
2552
3528
3172
2126
2136
2773
3428
4367
3548
1745
2146
2451
3441
4074
3323
2720
2478
2590
3208
4105
3678
2276
3906
3300
2615
3843
3441
2189
2121
2095
2535
3586
3564
2205
2142
2625
2731
4130
3329
2675
1997
2857
2634
3568
3152
2464
2439
2225
2696
3541
3957
2220
2678
3893
4146
4742
3103
6995
5452
7068
5656
7533
4828
4929
8898
5261
4944
5698
2109
2937
2424
4406
2801
2255
2164
2222
2993
3191
2925
2255
2103
2550
3176
3718
2838
2036
2343
2342
2441
3436
3182
2812
1942
2680
2818
3693
3083
2582
2219
2856
2652
4181
3204
2660
2097
2920
2890
3843
2773
2614
2011
2730
2900
3993
2792
2105
2293
2420
2264
3115
3123
2170
1925
2371
3283
3437
2826
2403
2424
5603
4033
5800
3772
5278
3297
4597
3897
5289
4016
3239
3928
4490
4491
5214
3614
3134
2913
3869
3493
4908
3385
2685
3370
3491
3432
4569
3222
3037
3073
4451
2674
3747
2737
3126
3023
4019
2939
4341
2968
3061
3174
3724
3022
4420
3435
2826
3235
3616
3885
4998
3204
2854
4077
3392
3182
4165
2764
2839
3185
3128
3164
4129
3060
2986
2788
4051
3521
4503
2556
2849
2522
3324
2797
3647
2967
2669
2572
2607
2820
3688
2805
2131
2124
3442
3223
3837
3066
2260
2156
2973
3338
3615
3197
2753
2135
2794
2742
3835
2792
2547
2197
2798
2895
3939
2774
2500
2297
3502
3718
3917
2940
2357
2252
2524
2518
3631
2798
2293
2242
2952
2737
3737
3020
2259
2022
2786
3768
3927
2865
2424
2388
3503
2645
4040
2764
2506
2159
2529
2693
2505
2412
2730
3076
3668
3220
2120
2790
3522
2610
3615
2831
2383
2238
2561
2545
3799
2753
2381
2243
2585
2928
3857
3075
2179
2250
2472
2495
3383
2834
2122
2083
3100
2402
3302
3004
2098
2344
2733
2517
3481
2958
2487
2142
2750
2510
3428
2839
2312
2685
2525
3094
3716
2795
2164
2039
2521
3179
4180
2998
2450
2399
2747
2486
3578
3230
5245
3374
3383
4359
4953
2850
3273
3620
3429
3138
4457
3120
3221
3430
3277
3165
4437
2316
2718
1588
3516
3138
4287
3202
3069
3319
3296
3647
4661
2714
3053
3010
3368
3864
4509
3013
3083
3001
3399
3636
4322
3073
2999
3093
3114
3880
4112
2867
3116
3384
3374
3477
4629
3061
2253
2793
2405
2920
4164
2825
3266
2061
2686
2737
3805
3071
2266
2120
2829
2598
3356
3035
3375
2111
2818
3704
3907
3192
3350
2470
2666
2416
4043
3196
2373
3096
2454
2490
3527
3237
2292
2519
2244
2888
4089
2882
2196
2170
2469
3471
4082
2787
2243
1956
2702
3384
3952
3076
2525
2176
2610
2427
3575
3386
2591
2113
2895
1863
4434
3517
2907
2619
2595
2711
3678
2920
3131
2859
2705
3171
4233
3099
2169
2907
3572
3031
2510
2340
2762
3268
3875
2800
2454
2226
2160
2868
3705
3155
2513
2165
2775
2436
3333
2811
2818
2126
2151
2348
4731
2773
3037
2341
2692
3136
3772
2826
2621
3064
2106
2988
3978
3010
2659
2159
2427
3059
3989
3174
3327
2116
2036
2711
4229
4888
2900
2961
2700
3683
4408
2992
3799
2770
2858
3779
4886
3582
3046
2767
3044
3809
4921
3189
3286
2660
3076
3258
4425
2806
3614
3029
3296
3096
5358
2814
3270
3153
3117
5216
5535
2695
3237
2742
2951
4444
5285
3085
3487
3087
3109
3615
4821
3249
3695
3334
2871
3009
3664
2868
3049
2450
2435
2689
3540
2729
2755
2412
2236
2936
4033
2854
2640
2181
2289
3636
4154
3114
2966
2629
2824
2654
4050
3025
2901
2007
2789
2859
3484
2780
2502
2078
2172
2386
3586
2867
2668
2209
2321
2957
4348
2996
2948
2164
2148
2885
3843
2695
2660
2990
2125
2820
3872
2871
2677
2437
2665
3162
3974
2917
2491
2880
2064
2864
3970
2910
2682
2434
2359
2718
3531
2753
3001
2442
2182
3649
3928
3070
3277
2267
2523
2706
3941
3310
2145
2738
2021
2261
3198
2828
2411
2145
2456
4069
4409
2273
2256
3869
4559
2713
2658
2106
2128
1334
4758
3015
3317
2419
2367
3672
4766
3268
2435
2725
2495
3634
4530
3041
2395
2513
2246
3250
4048
3114
2908
2310
2100
3708
4015
2828
2540
2103
2313
4819
5611
2809
2368
3047
2038
4390
7338
4064
2961
3102
2735
2521
5594
4085
4249
2746
1963
5696
6579
2760
4587
3196
2379
4742
5917
2253
3526
2908
2791
5521
5848
3011
2833
3216
3098
3760
4984
3040
2829
3235
3213
3884
4664
3042
2988
2938
3310
4255
5366
2850
2991
3193
3056
3837
5171
3011
3176
3736
3342
5069
5924
3418
3271
1976
3399
5409
5603
4286
3242
3054
3690
4662
5600
3328
3304
3110
3071
3479
4887
3222
2972
2560
2983
2750
4086
2722
2613
2700
3438
3602
4817
2535
2246
3020
1976
3201
4408
3578
2676
2285
2181
3782
4538
3762
3059
2341
1215
3276
4780
2927
3039
2384
2115
3363
4281
2859
2123
2604
2495
3279
4134
3004
2493
2192
2410
3251
4459
2972
2838
2098
2408
3284
4568
3091
1828
2668
2234
4040
4375
2984
2263
2269
2079
3806
4857
3263
2553
2801
2652
3047
4241
2874
2164
2649
2170
3258
4016
3030
2403
2211
2482
2866
2321
2613
2439
3107
4129
2639
2048
2634
3024
3117
3726
3001
2256
2893
2447
3502
4883
3007
2298
2675
2353
3450
4063
3315
2146
2428
2168
3676
4310
3539
2746
2302
4042
3494
4120
2776
2667
2538
2409
3341
4388
2972
2152
2736
3247
4139
4751
2964
3085
2855
3207
4387
4998
3322
3119
2596
3286
4373
5142
2686
3088
2121
2870
4144
5096
3259
3136
3084
2982
4730
4924
2779
2626
3218
4223
3727
4702
3014
2915
2945
3046
4279
5011
2864
2949
3015
3143
4586
4813
3016
3079
3162
2608
3589
4922
2628
2794
1832
2722
3683
4356
2701
2250
2189
2506
2982
3902
3222
2155
2926
2650
2953
4060
3066
2320
2675
2073
2902
3951
2826
2038
2224
2712
2950
3638
2763
2347
2356
2925
3550
3834
2648
2567
2679
2111
2867
3731
2637
2103
3058
2199
3125
4047
2763
2225
2620
2496
3412
4057
2655
2381
2701
2965
2946
4059
3023
2177
2607
2227
3541
4128
2960
2064
2867
2259
3046
4335
2839
1946
3029
2374
3017
4012
3034
2186
2802
2298
3183
3753
3098
2414
2682
2235
3450
4065
2590
2844
2406
2337
3127
3815
2540
2444
2464
2202
3451
4034
2926
2911
4277
4626
2954
1950
3208
2004
4235
4462
2875
1978
3290
2224
2793
4170
2677
2278
3327
2615
2870
4072
3049
2352
3353
2757
2717
3712
2446
2592
3477
3105
4360
5642
2640
3009
3612
2968
3347
4299
2885
2832
3183
2863
3167
4393
2835
2649
3227
3181
3472
4515
2863
3535
3676
3052
3595
4725
3055
2979
2806
2894
2589
4583
2692
2614
3563
3125
3543
4186
2834
2966
3140
3156
3386
4431
3050
3183
3015
3261
2536
3380
2487
2187
2851
2242
3034
4022
2868
2069
2274
2309
2776
3768
3199
2155
3090
2568
2671
3993
3003
2336
2726
2254
2454
3696
2804
2508
2627
2494
2339
3256
2825
2116
2935
1510
2969
4359
2879
2216
2524
2358
3442
3645
2572
2903
2903
2101
2445
3318
2767
2066
2959
2215
2437
3304
2797
2433
2871
1950
2488
3469
2841
2197
2856
2042
3057
3582
3226
2089
2683
2700
3026
3895
2951
2368
2992
2148
2390
3299
2526
2402
3099
2639
2980
3592
2852
2260
2895
2249
3050
3693
2873
2249
3576
2720
3422
4186
2702
2262
2796
2085
2921
3478
2724
2310
2305
2277
2417
3321
2884
2106
2741
2140
2361
3630
2509
2001
2819
2073
2612
3606
2589
2849
2751
3320
2534
2293
2615
2092
2645
3549
2921
4272
3195
3031
4177
4627
3302
2982
2957
3091
4064
4736
2849
3039
2864
1990
4447
4806
2973
2802
3173
2825
3305
4253
2903
2791
2935
3088
3373
4597
3601
3007
3035
3283
4265
4965
3323
3624
2929
3123
4456
4985
3009
3016
2893
3010
4076
4777
3310
3065
3650
2410
2749
3535
2906
2121
2206
2314
2996
4197
2803
2892
2205
2522
2551
3438
2723
3105
2370
2354
2880
3931
2965
2352
2907
2896
2974
3520
3007
2238
2507
2504
2290
3118
3010
2199
2452
2538
2348
3444
2980
2085
2684
2096
2534
3471
2653
2194
2289
2162
2690
3411
3061
2606
3199
2647
2455
3560
3073
2483
2125
2719
2834
3711
3364
2666
2289
2667
2453
3327
5500
3157
3383
3370
3241
4548
3874
3518
3253
3126
3547
4457
3944
3038
2854
2274
4114
4418
3859
3062
2850
2340
2988
4185
3732
2864
2221
3029
2667
3659
3200
2813
2332
2136
3871
4053
3187
2139
2185
2147
2628
3673
3650
2393
2437
2373
2945
3508
2983
2205
2583
2178
3249
3531
3475
2115
2491
2199
2561
3426
3142
2162
2422
2552
1181
4142
2908
2870
2160
2345
5335
2542
2116
3414
2715
4960
4181
3861
2224
3269
4534
5676
3963
2774
3204
3113
3772
4781
3313
3077
3147
2816
3154
4396
3554
3308
3066
3093
3399
4402
3616
2789
2864
3214
3831
4685
3178
2856
3388
3167
3409
4768
3152
3216
3288
2928
3206
3965
3190
3041
3355
2623
3639
4236
3387
2376
2165
2217
2475
3346
2975
2254
2093
2375
2646
3570
3335
2825
2221
2653
2620
3779
3562
2750
2529
2343
3059
3643
3269
2286
2227
2672
2818
3818
4072
2482
2339
2084
3380
3563
3818
3459
2348
2843
3491
4096
4015
3052
2188
2948
3916
4693
4124
3353
2839
3085
2776
3457
3905
2747
2541
2356
2963
4343
3616
2111
2117
2043
3720
3919
3912
2592
2147
2927
3036
3998
3138
2303
2191
2387
2388
3251
3506
2001
2048
2801
3438
3656
3397
2431
2165
1895
2768
3823
3337
1994
2157
2329
3174
4233
3434
2189
2028
2807
3083
3663
3258
2623
1736
3162
3036
4326
2997
2013
2129
2808
2348
3151
3300
2087
2434
2242
2600
3517
3423
2228
2403
2771
3201
4213
2990
2239
2219
2406
2713
3607
3170
2379
1907
2239
2256
3302
3462
2935
2668
2348
3751
3976
2819
1903
3808
4060
3253
2856
2780
3776
4650
5370
2990
3065
2921
3202
3915
4563
3073
2903
2735
3798
3308
4349
3097
2837
2782
3159
3110
4238
2689
3500
2466
2737
3294
4664
2855
3459
4022
4123
2987
4069
3090
2785
3126
3753
3365
4354
2708
3003
2118
2729
2592
3669
3140
2436
2307
2850
3180
3749
2906
2509
2302
2983
3531
3657
3252
2608
2135
3783
3821
4360
2562
2216
2209
2501
3537
3726
2765
2589
2109
2535
2878
3551
3138
2972
2298
2823
2881
3805
3513
2448
2364
2666
2669
3500
1719
2981
2626
2774
3025
3575
2920
2155
2275
2423
4000
4562
2965
1416
2171
2772
4238
5056
2913
2177
2343
3095
2724
3810
2900
2127
2097
3587
3232
3366
2916
2074
1952
3298
2669
3706
2793
2682
2389
2932
2693
3629
2773
2181
1963
2691
3041
3908
2898
2223
2290
2234
2837
4082
3156
2182
2792
3113
3453
4115
2977
2325
2950
2809
3015
3520
2647
1931
2818
3198
3653
3858
2649
2103
2016
2856
2332
3112
2842
2099
2113
3187
2218
3116
2797
1958
2338
2734
3193
3374
3026
2163
2575
2502
3178
3930
2760
1955
2513
2921
3114
4628
2672
2036
2475
2674
3849
4424
3057
2860
3312
4263
3163
3644
3552
3683
3315
4398
2663
3179
3264
3545
3442
4942
4283
2127
3581
3744
3784
4939
2987
3016
2359
4442
3585
4838
2584
2632
2650
3802
3332
4671
2876
3018
3435
3858
3971
4547
2948
2490
3389
2655
3853
4589
3161
2300
2815
4158
2573
4168
3040
2470
3122
3328
4197
4505
3066
2151
3190
2868
3400
4566
2735
2828
3150
3188
3249
4067
3920
2532
2837
3612
3318
4325
2509
2371
2989
2788
2854
3349
2776
2313
2722
3941
3735
4398
2040
2437
3740
3825
3651
4217
2216
2869
2970
4455
4274
4979
2693
3686
2979
3356
3468
3991
2957
2972
3066
3636
4452
4840
3104
3906
4332
4135
3365
4639
3238
3483
2761
2861
3075
4169
3118
2238
2320
2155
2427
3468
2652
1595
2466
2628
3279
4058
2764
2636
2805
2282
4088
4978
2664
2900
3100
2739
3428
4047
2806
2270
2468
2307
2668
3500
2798
2107
2110
2127
2917
3817
2611
2287
2245
2692
3001
4237
2621
2449
2196
2443
3180
3440
2737
2855
2392
2569
2908
3791
2703
1951
2837
2711
3393
4050
3438
3042
2253
2342
3142
4420
2723
2739
2386
3892
4510
5377
3044
3921
3191
2303
3108
3591
2043
2740
3816
5439
3177
3399
3078
2595
3493
4860
2722
4315
2490
2661
4047
4954
2436
3402
2927
3380
4800
6344
2676
3818
2897
3816
3674
5386
5710
4174
3630
3903
4514
5219
2964
3765
1884
3835
4215
5906
2117
3591
2261
3505
3416
4721
2658
3581
3237
3391
4142
5494
2688
3715
1856
4075
5271
6191
3014
3302
1692
2930
3676
5318
1954
3648
3405
4134
2705
3183
3998
4242
3154
3390
3667
5289
2628
3788
2568
3628
3530
4245
2966
3254
2359
3514
5547
5732
3436
3625
2114
3717
4471
5465
2300
3145
2289
2442
4119
5822
1995
3597
3124
3346
4682
5667
2820
2818
3689
2975
4111
5314
2434
3346
3557
2743
4276
4510
2655
3424
3624
2829
4520
5202
2506
3216
3185
3616
4477
5683
2600
3907
3791
2844
3748
5121
2272
3212
3387
2949
4815
5080
2386
3647
3207
3016
4058
5145
2027
3236
3193
3321
3677
4438
2655
3749
3217
2778
4154
4466
2527
3389
3333
3076
3990
4751
2950
2874
4112
2925
3341
4634
2611
3120
3547
3119
3717
4929
2286
3419
3006
3520
4251
4882
1975
3205
3642
3141
2930
5449
2602
2268
4107
3179
4011
5384
2454
3610
3629
4898
2961
3547
3415
2755
4008
4417
2320
3005
3758
2812
3874
4730
2771
3193
3402
3116
4582
5175
2414
3842
4089
2937
4089
5347
2719
3175
3373
3023
4353
4939
3154
3361
3914
3190
5049
5314
2539
3918
3594
3236
3864
5126
2243
3235
3804
2404
3147
4209
3075
3006
3864
2695
4328
5159
2842
4022
3590
2442
3323
4639
2728
3015
3894
3134
3618
5011
3033
3695
3688
3099
4055
5595
3134
3124
3593
2983
4720
5037
2604
3687
3411
2711
3482
4898
2574
2542
3477
2557
4769
5096
3218
3634
3510
2653
4088
5450
2518
3316
3355
2870
5138
5947
2785
3369
3036
3015
3654
5219
2412
3020
3863
2451
4270
5389
4562
3547
3645
3483
3904
4819
2188
3480
3380
3288
3847
4911
1895
3424
3370
2412
4755
5380
2259
3624
3613
3382
3555
6269
2926
3900
2569
3214
3983
5441
2200
3720
3122
2900
5536
6252
2832
4204
3925
3171
4961
5628
2841
3414
3173
3454
2787
4744
1729
3997
3480
2631
4801
5292
2128
3468
3618
2054
4846
5232
2528
3535
3897
2131
4233
5001
1862
3421
3189
2270
4073
5234
3160
3102
3268
3137
4268
4582
3407
2653
3389
2580
4863
5750
4009
2193
4781
5309
3780
2988
2780
2397
4484
4980
3127
2620
3364
2004
4382
5165
3375
2969
3297
2856
4155
5004
3486
3124
3419
2404
2940
4994
4004
3514
3368
2347
3794
5198
3162
3077
3301
2304
4187
5200
3261
3227
3871
3091
4381
4918
3604
2880
2672
2495
5521
6036
2339
2774
3091
2862
3839
4137
3736
3555
3582
2484
3229
4691
3846
3170
2813
2645
2692
4046
3324
2982
2919
2432
3003
4394
3348
3115
3048
2684
2833
4433
3884
3090
3247
2483
3813
4902
3737
2935
2668
2188
3737
5152
3733
3016
3461
2382
4335
5201
4274
3240
3181
2447
3901
4599
3769
3026
3404
2499
2853
4373
3507
2915
4177
2752
3870
4899
3929
3700
3321
3038
5154
5485
4050
3241
3269
2690
4084
4392
3671
3316
3123
2395
4184
4933
3492
2432
3582
2746
3555
4365
4127
3276
2859
2277
4561
4866
3290
3567
3228
2300
4405
5195
3749
3320
3496
2643
3332
4257
4416
2394
3438
2282
3900
5122
3568
2664
3257
2546
3239
4569
3962
2802
3460
2088
3013
4530
3589
3385
2954
2575
4398
5185
3877
3241
3126
2384
3455
4488
3448
2815
2776
2792
4106
5590
2878
3463
2879
2092
3234
2455
2902
3630
4649
4868
3752
2916
2966
3411
3129
4309
3334
2522
3590
3234
3967
4817
2915
2929
3473
3609
4559
5369
3289
2587
3471
3100
3376
4679
3638
2753
2618
2964
4528
5302
3014
2474
3063
3402
3609
4514
3299
3040
2575
2186
3326
4711
3288
3026
3488
3510
2764
4137
2852
2896
3205
1863
4063
4328
3006
2821
2762
2239
3317
4687
2839
2440
3462
4012
4518
5160
3130
2442
4106
2588
4669
5069
3688
3018
3820
4062
4025
5011
3577
2475
3572
3673
4364
5028
3170
2751
3465
3710
4647
5023
2665
2393
3186
3077
4104
4673
2781
2823
3215
3418
3779
5314
3427
2282
3708
3811
4065
4779
3113
3082
3090
2757
3353
4808
3380
2256
2943
3806
3919
4595
2800
2600
3523
3437
4326
4914
3048
2271
3426
3390
4143
4672
3143
2708
3076
3836
4162
5112
3389
3062
3458
3925
4861
5041
3096
2523
3387
3194
3615
4754
3529
2561
2858
3173
2851
4200
2929
2440
2630
4030
4076
4637
3222
2356
3242
3111
4163
4378
3020
2740
3443
4429
3745
4524
3448
2208
3145
4363
4562
4726
3391
2327
3653
3638
4091
5204
3082
2704
3714
2937
3281
4628
3585
2303
3728
4166
2734
3253
2740
3863
3754
4477
3220
2462
3086
4147
3583
4150
3110
2155
2588
3580
4022
4701
3119
2711
2449
3747
3666
4238
3065
2183
2476
3948
3491
3901
3508
2611
2808
3776
3488
4064
3681
2083
3094
4038
3946
4926
3462
3425
2976
3693
4468
5291
3340
2322
2751
3934
3460
3924
3237
2489
2779
3610
3725
4166
3494
2815
2782
4201
3902
4353
3617
2421
2700
3735
2971
3584
3232
3540
2692
2941
3298
3639
3797
2829
3191
3357
3209
3731
3032
3028
2840
3632
3172
3550
3768
2143
2690
3350
2922
3598
2937
2944
3166
3176
3543
4201
3689
2600
2668
3572
3237
3799
3584
1983
2668
2984
3724
4057
3401
2539
2662
4115
3301
4010
3351
3222
2815
3962
3551
4202
3929
2442
2881
4474
2815
3529
3108
2664
2782
3478
3202
3461
3650
2561
2911
3754
3125
3577
3162
1774
2685
3453
3021
4294
3209
2271
3477
3485
3166
3635
3630
1663
2894
3278
3774
4204
3708
3146
2471
3419
3190
3635
3134
3650
2522
3535
3893
4318
3487
3201
2647
3128
3211
3815
3449
2784
2903
3447
2422
3754
3602
3350
2718
3175
2132
3830
3338
2845
2632
3316
3113
3823
3787
3730
2276
2804
3979
2881
2670
3559
2286
2868
3963
3729
4108
4044
2641
3681
3959
2036
3457
3536
1897
3165
3136
3434
3003
3052
2918
3428
3393
3695
3107
3786
2531
3043
3634
3647
3191
3441
2922
3531
3888
3033
3004
2937
3177
3617
3393
3540
3024
3274
2768
3795
3351
3046
2866
3555
2450
3141
3448
3053
2670
3004
2380
3024
3432
3156
2827
3493
3482
4130
3493
4134
3099
2945
2776
3325
3512
2089
2937
3138
2702
3221
4019
3205
2925
3442
3007
3448
3480
3563
3000
3734
2854
3279
3468
3587
2613
3612
2994
3441
3284
3152
2699
2899
2759
3768
3276
3284
2896
3317
2905
3509
3552
3241
3009
3375
2983
3524
3565
3202
3999
3435
2714
3213
3593
3762
2966
3294
2442
3010
3666
4104
3012
3059
2484
3122
3410
3427
2740
2834
2830
3454
2800
3706
2864
3972
3081
4032
3844
3343
3248
3351
2665
3271
3457
3670
2805
2861
2715
3945
3536
3317
3243
2924
3967
4179
4048
4907
3402
3182
2448
2940
3106
3413
3675
3242
2375
2988
3542
3680
2695
3221
3027
4136
3357
3714
2882
2726
3257
4314
3291
3921
3390
3276
2949
3551
3562
3561
2699
3349
3724
4077
2879
2889
2649
3443
3277
3546
2478
3198
2964
4156
3543
3665
2724
3952
4462
4796
4000
3752
2548
3722
3428
4694
3204
3038
2813
5153
2972
3618
3761
4228
3158
3382
1864
2856
3468
3293
2650
3147
2490
3169
3624
3557
1988
3196
2459
3000
3641
3092
2548
3227
2421
2992
4011
3426
2127
2915
2833
3441
3517
3676
2180
3315
4014
4283
3921
1670
2458
3516
2678
2864
3673
3834
4471
3185
3448
4169
4443
4221
2076
3779
2930
3502
3932
3514
3277
3489
3144
4265
3604
3331
2749
3839
4955
5571
3452
3202
2463
3423
5013
5310
3424
3387
2611
3597
3792
4977
3366
3887
2351
2785
3571
4654
3451
3556
2513
3658
2284
4991
3717
3573
2620
3013
4664
5271
3417
3722
2389
3467
3608
5254
3378
3459
2521
3272
5029
5711
3531
3047
2464
3750
3100
3802
3427
3567
2578
3039
3831
5070
3664
3660
2360
3190
4182
5561
3432
3468
3217
3064
3657
4709
3409
3446
3125
2959
4629
5571
3171
3706
2530
2909
3678
4831
3205
3291
2638
3580
3855
4965
3438
3376
2543
3116
4559
5168
3686
3514
2474
3444
4418
5407
3459
2979
3128
3142
3339
4645
3727
3022
4682
5803
2053
3192
2374
3314
5623
5794
3376
2918
3032
3115
4096
4649
3240
3223
2471
2839
4601
5343
3850
3381
2756
2518
4238
4834
3296
3289
2499
3067
4804
5086
3051
3158
2703
2718
4784
6617
3432
3768
2806
2599
4556
5797
2915
3476
2352
2607
4307
4953
2966
3561
2769
3581
3989
5125
3224
3342
2539
2639
5204
5767
2394
3378
2300
3151
4530
4821
2512
3188
2531
3134
3534
4772
3039
3067
2841
2794
4692
5336
3169
3254
2398
3026
4792
5329
2435
3165
2150
3164
4558
5759
3068
3803
2346
2895
3989
5176
3268
3249
2604
3017
4020
5454
2725
3610
2872
3333
2230
2820
3674
3491
3385
3463
4424
4991
3201
3008
1886
3801
2708
4013
2291
4139
2530
3959
3052
4039
3525
3857
2214
3749
4402
5463
2560
3517
3196
3881
5252
5649
3674
2595
2477
3173
4566
5104
2405
3596
1970
3784
4925
5121
3046
3332
2739
5498
1504
2153
4315
3450
2755
3854
4658
5761
4039
3173
2318
4018
2159
4774
3044
3350
3285
2455
3812
5379
1966
3047
3392
2984
3810
4894
2793
3143
2809
2644
3506
4607
3274
3040
3634
3030
3970
4719
2680
3517
3425
3014
3735
5071
3474
3085
4423
5794
2291
4176
3718
2938
3903
5095
2258
3162
3582
3122
4514
4905
2192
3207
3834
2942
3010
5261
2677
4111
3773
3110
4780
5590
2470
2900
3869
2615
3809
4627
2185
3298
3356
3066
5537
6225
2149
3969
3801
2993
4658
5428
2598
3470
3382
2968
4903
5313
2313
3556
3673
2636
4887
5170
2536
3478
3359
2899
3187
5003
3158
3149
3796
2898
4377
4599
2230
3236
3575
2269
2828
3763
2495
2970
4690
3686
3226
4624
2855
3214
4047
3122
3190
4265
2672
3530
3237
2569
4445
4670
2288
3534
3477
3389
4491
5105
2703
3666
3809
2733
4175
4778
2288
3580
4037
3231
3763
4591
2235
3420
4164
2508
2909
4720
2585
3896
3296
3650
5093
5466
2223
4030
3395
2618
3170
4487
2148
3163
3325
3307
4394
4717
2739
2963
4431
2953
3525
4986
2755
3218
3212
2666
4753
4928
2124
3543
3495
3139
3837
4892
2681
2631
3777
2799
5026
5657
2241
3409
4346
2625
4189
4602
2363
2574
3398
2618
4127
4708
2259
3568
3988
2094
4639
5222
2531
3266
3936
3170
4156
5245
3905
3757
1748
3780
4528
5423
2241
4057
3352
3960
5019
5245
2810
3588
2752
3321
2529
2948
3433
2844
4340
5088
2264
2630
3594
3368
4206
5171
3119
3525
3357
2842
3829
4866
2296
2994
3532
3111
3749
4767
2731
3716
3453
2862
3526
5013
2696
2884
3423
2690
3878
5054
2563
3808
3422
3053
4099
4944
2047
3573
3160
2579
3663
5065
3721
3443
3651
2722
3987
5234
2706
3889
3300
2787
4439
5642
3485
3960
3521
2636
3558
4710
3408
2909
3642
2643
4017
5184
3659
3391
3224
2996
4451
6733
2683
4245
3944
3105
5029
5900
2858
3417
3605
2966
4683
4870
2903
2782
3665
3392
3850
4915
3077
3607
3520
2364
4371
5352
3811
3112
3683
2430
4375
5668
2903
3111
3238
2535
4638
4984
2388
2967
2908
2996
3419
4832
2654
3331
3602
2352
3277
4720
3365
2602
3438
2724
4930
5571
2576
2798
3603
2883
4410
4908
3560
3020
3405
2574
4315
4994
3316
2831
3271
2692
3886
4657
2799
2622
3293
2742
3881
4488
2738
3168
4920
2102
3392
4876
3873
2760
3153
2679
3301
4626
3016
2806
3299
2733
4507
4965
2756
3618
3580
2624
4964
5799
2462
3248
3354
2430
3990
5444
3239
3021
3177
2451
4312
4796
4202
3368
3737
2589
4505
4707
3525
3573
4691
5190
2420
3671
2977
2194
4698
5869
2527
3983
3772
2616
4439
6257
2038
4447
3862
2691
4944
6482
2522
3054
3780
2274
4655
6346
2159
3949
3343
2183
5549
6380
2636
4106
3671
2002
5019
5730
2681
3313
4610
2549
5359
6596
2453
3276
4884
2670
4015
5588
3071
3606
3826
3286
4414
5912
3064
2762
3968
2397
4405
4749
2712
3017
3529
2109
3602
4920
3359
3487
3078
2384
3839
4839
3783
3412
3149
2545
4307
5259
3746
3849
3082
2624
3213
4697
3886
3458
3184
2845
3866
4865
3676
2794
2689
2159
4088
5178
3349
3324
3322
2756
4592
5312
3320
3206
3993
2894
3662
5034
4236
3580
3321
1997
3858
5653
2841
3194
3104
2537
4393
4719
3885
3464
3192
2285
4782
6272
3401
2890
4519
2687
3495
4754
3274
3851
3746
2816
3875
4736
3468
3231
3886
2912
3076
4224
3440
2789
3050
2877
3472
4524
3491
2542
3971
2517
3516
4429
3382
2744
3925
2628
4271
5821
3930
3193
4100
2593
5159
5339
3732
2213
3416
2711
4393
4684
3729
3238
3758
2472
3041
4419
3564
3109
3099
2492
3039
4404
4141
2741
3261
2880
3635
4573
3718
3142
3512
2847
3651
4503
3784
2320
5757
6103
2223
2264
3901
2269
4630
6220
3829
3218
4006
2431
5858
6229
2596
3407
3857
2170
4241
6154
3995
1903
2931
2794
3531
4429
2290
2707
3691
2221
4359
4975
3684
3104
3552
2747
4636
5504
4064
3515
3483
2712
3446
4395
3664
2902
3515
2767
4188
4611
3328
2784
3473
2191
4494
5061
2890
2787
3108
3116
4429
4595
3731
2357
4057
2858
4347
4705
3711
2308
2548
4187
4066
4759
2655
2933
3254
3428
4485
5471
2770
2394
4869
2506
4605
5865
3419
2578
2909
2850
4387
5648
3017
3135
4740
2407
4413
5372
3538
2831
3546
2866
5564
5904
3204
2656
4204
1969
7651
8833
3863
6544
5140
2734
4509
4985
2974
2475
3946
3322
5256
5875
3534
2569
4380
3705
5504
5953
5124
2665
4144
3149
3679
5245
3831
2753
3903
3222
4316
4709
3796
2924
3867
3066
3423
4839
3366
1991
2941
3245
4266
4977
3744
2821
4017
3189
4528
4818
3651
2692
3317
2807
4929
5126
2905
2789
3741
2278
3348
4741
3505
2351
3373
3233
5099
5705
2799
2496
3661
2977
3331
4436
3535
2981
4108
3852
4274
4896
3612
2381
3940
2431
4142
4851
3064
2578
2629
3015
3374
3122
3049
4338
3925
4377
3276
2224
2786
3459
3714
4140
3301
2668
2875
3714
4355
4414
2857
3274
3634
4042
3544
4232
3110
2359
3205
4293
3944
4213
3654
2729
3070
3910
4202
4260
3461
3304
2634
3245
3562
4026
3806
2400
2803
3628
3217
3896
3679
3166
3595
4216
3462
3898
3635
2604
4267
4501
2802
3609
3555
2559
3510
4434
2724
3680
3842
2544
4057
3195
2718
5965
3959
2213
5052
3936
3976
4764
4942
2364
4957
4166
4319
4806
3738
3144
4014
3006
3217
3921
5248
2881
4514
3700
4878
5493
3821
2781
4451
3962
5106
5231
3607
2414
4585
3492
5752
5993
4776
3342
4286
2845
4656
5096
4047
2692
4747
3041
5038
5866
3867
2628
4619
3444
4869
4919
4781
2829
5256
3356
4238
4313
4009
2436
4696
4406
4127
4670
3611
2930
3961
3684
3994
4759
4540
2386
4759
3319
4367
5191
4586
2040
4688
3119
3938
4549
4208
2403
4421
3771
4519
5821
3723
1178
4473
2947
3359
3917
4141
2407
4643
2932
4016
4777
4596
1938
4136
3356
4937
5041
4452
3188
3700
2471
5961
7852
4734
3465
3615
3405
2508
3032
3655
2329
1953
3038
3085
3902
3829
2464
3292
3932
3290
2244
1902
2487
2342
3115
3170
2556
1995
2394
2335
3311
3306
2716
2318
2145
2720
3803
3189
2000
2219
2467
3260
3901
3072
2275
2937
2541
3309
3947
3385
2350
2727
2875
3998
4608
3276
2372
2059
2341
2471
3610
3546
2105
1941
2551
2874
3378
3124
2923
2025
2725
2694
3570
3405
2316
2366
2723
2404
3253
3565
2751
2103
2064
2399
3380
2955
2181
2090
2577
2935
3597
3380
2102
2371
2635
3214
3732
3625
2557
2146
2582
2630
3619
3222
2750
2195
2205
2931
3478
3421
2775
2216
2390
4361
4847
3020
2615
2072
2155
2687
3559
3178
2105
2181
2660
3154
4093
3684
2545
2979
2666
3241
4414
3244
2509
2240
2266
4337
4484
2845
2764
2688
2324
2510
3502
3157
2924
2926
1896
2575
3682
3533
2117
2069
2407
3072
4137
3066
2580
1917
2235
3503
4444
2584
2377
2366
2661
3080
4116
3212
3042
2677
2906
3691
4885
3607
3193
2934
2744
3606
4264
3902
2952
2705
3347
2861
4664
3538
3429
3100
3751
3269
4390
3207
3811
2734
3008
4220
4798
2769
3128
2262
3143
4028
4961
3548
2776
3132
3263
3681
4358
2809
2940
2662
2687
3589
4124
2232
2758
2612
3747
2966
2509
2104
3887
3209
4463
2127
3282
2214
2978
2932
3879
3372
2029
2266
2810
3721
4448
2950
2618
2103
3599
2427
3248
2866
2181
2351
2613
3396
4453
2959
2087
2177
4007
2841
3797
3184
2582
2540
2476
4275
4400
3353
2101
2039
2573
2330
3165
3007
2060
2090
2939
3288
3840
2335
2961
2090
2977
2910
4084
2951
2294
2387
2862
2487
4328
3141
2693
1908
4055
3021
3942
3073
2325
2461
1946
3166
3765
2895
2124
2326
3285
2735
3633
2853
2295
2158
2813
4647
4898
2936
2463
2244
2612
3650
3821
2746
2046
2721
2550
2624
3642
2889
1891
1880
2792
2405
3125
2714
2110
3450
2605
3981
4511
2865
2587
2909
2893
2391
3548
2585
1756
1910
2788
2124
4667
3012
2206
2611
2926
3141
3835
2404
2650
2353
3080
4071
4597
2487
2127
2174
3355
2558
3412
3009
2216
2297
3914
3143
4041
2625
2757
2641
3795
4015
4222
2075
2786
2804
4548
3026
4192
3127
1619
2917
3201
3606
4534
2736
3116
3020
4305
2982
3979
2761
3062
2523
3308
3984
4149
1901
2791
3253
3818
3867
4411
2800
2890
2659
3678
3666
4662
2700
3091
2611
2997
2755
3423
3168
2707
2542
3527
3252
2272
3414
2463
2540
3484
2626
2151
2577
2322
2568
3719
3261
2071
2712
2538
2664
3637
3001
2068
2722
2671
2745
3726
2682
2436
3198
3142
2329
3188
2510
2393
2088
2642
2921
3156
2594
1975
2056
2498
3354
4138
2619
1996
2013
2531
2928
3889
3096
2823
2897
3375
3492
3633
2713
2831
3124
3079
3128
4389
3172
2312
2135
2453
2841
3883
2845
2734
5345
4283
3168
5130
2399
3184
3113
3007
3363
4390
2893
2036
2879
2971
3059
3613
3098
3789
2989
2625
2588
3494
3090
2584
3007
2950
3098
3636
2934
2312
2520
1999
4364
4620
3049
1980
2226
2382
3017
3570
2748
2445
2909
2822
3149
3761
3064
2928
2776
2582
2965
3970
3069
3141
2904
2923
2566
3753
2290
2734
2466
2325
4176
4350
2864
2466
1994
2414
2324
3214
3165
2817
2618
2441
2663
3533
3060
2864
2654
2416
3139
4289
2946
3385
3249
2514
3937
4561
3297
2959
2684
2938
3592
4846
3779
2925
2818
3178
3860
4575
2448
3193
2818
3049
1839
4651
3038
3284
2927
3466
3389
4530
2550
3345
2553
2423
4287
4544
2670
4047
3572
3002
3519
4359
3252
2715
2124
2962
3193
2173
2096
3058
2934
3464
3152
2385
2194
2250
2991
3834
3360
2514
2685
2770
4018
4374
2889
3071
2227
2228
2729
4302
3171
3569
3056
2551
2990
3959
3120
2671
2597
2365
3150
3940
2736
2555
2481
2612
2628
3530
2819
2657
2409
2485
2274
3581
3310
3160
2255
3017
2973
3621
2621
2407
2095
2647
2236
3097
2898
2755
2484
2028
4229
5420
2846
3304
2549
2355
3303
4257
3765
2742
1913
2192
2298
3142
2989
3011
2379
2617
4406
4621
3010
3324
3155
1945
4187
5207
2741
2874
2142
1981
3551
4140
3228
2677
2453
2819
2780
4089
2800
2882
1936
2111
3050
4218
3032
2672
2546
2217
2518
3653
2659
3302
2083
2202
2447
3715
3252
2882
2040
2960
2573
3601
2719
2698
1931
2074
2812
3934
3122
2785
1924
2380
2671
4033
3100
2671
2478
2587
2721
3987
3389
2717
2153
2711
2720
4113
3209
3429
2730
2104
2927
3681
3401
2761
2671
1994
2235
3826
3173
3287
2837
2700
3481
5045
3101
3256
2691
2889
3244
4393
2580
3571
2792
2619
4115
5100
3101
3178
2960
1837
3969
4783
2790
3489
2936
2269
3235
4601
2701
2362
2810
2445
4494
5220
2603
2733
4611
4845
2776
2365
2223
2836
4106
4287
3449
3145
2138
2640
2887
4371
2644
2345
2379
2241
3856
4744
2714
2525
2183
2202
2949
4341
3067
2730
2946
2385
3378
4339
3180
2558
1802
2436
3885
4230
2485
2156
1268
3014
2144
4107
3081
2834
2289
1692
3545
5122
2860
2655
2429
2258
3123
4517
2650
2158
2710
2501
2814
4130
2810
2979
2629
2574
2968
3987
2431
2300
2133
2138
3162
4446
2794
2180
2564
2395
3571
4226
2712
2713
2326
2664
3905
4548
2872
2118
2674
2522
4114
4318
2745
2388
1932
2598
3887
4166
2761
2282
2245
2390
4326
4540
3083
2749
2018
2845
4323
4571
2734
2373
2685
2757
3382
4597
2516
2401
2465
2717
4361
4650
2823
2369
2413
2279
4378
4570
2809
2201
2581
2558
4482
4671
3077
2301
2169
2090
2922
3957
3066
2712
2949
3328
3357
4364
2680
2150
2622
2491
3465
4108
2695
2293
2216
2219
3811
4418
2842
2350
2585
2544
3658
4278
2664
2777
2640
2211
3738
4982
2461
2070
2731
2969
3980
4049
2605
2947
2713
1811
3837
5257
2818
2964
2963
3068
4723
4871
2461
2249
2988
2763
3814
4524
2734
2786
3328
3007
2428
2702
2288
2362
3734
4374
2740
2347
2696
2355
3677
4177
2731
2836
2383
2975
3461
4119
2931
2206
2817
2353
3345
3810
2641
2289
2362
2872
2570
3739
2683
3002
2614
2962
2911
3900
2540
2796
2041
2162
4311
4527
2684
2179
3037
2969
3577
4527
2661
2779
2644
2848
3195
4203
3262
3034
2193
2192
3611
3803
2846
2878
2096
2322
2557
3451
3251
2863
2522
2582
3166
4243
2772
2685
2781
3270
3730
4830
2674
1972
2980
3030
3227
3767
2881
2383
2587
2954
4184
5186
7014
4157
4677
5392
5730
6009
3544
3927
3496
2576
4058
4709
2845
2379
2169
2882
2872
3847
2678
2612
2853
2766
3113
4044
2613
2579
1998
3036
2839
3629
3224
2562
2647
3179
3214
4178
2627
2332
2547
3649
2785
4091
2638
2551
2093
2749
3299
3905
2753
2634
3667
2604
3693
3890
2647
2716
2389
3090
3048
3842
3108
2844
2257
2195
3578
3843
2862
2433
2583
2856
3345
3944
2667
2467
2355
2278
3631
3812
2692
2626
2555
3115
3778
4005
3049
2267
3595
2565
4016
4132
2555
2907
3373
3205
3326
3911
3231
2449
1663
2803
3096
3738
3049
2396
4107
2785
4591
5388
2907
2352
2783
3632
3022
2531
2682
2785
2919
3948
2777
2204
3100
2040
2523
3400
2705
2674
2880
2375
2681
3530
2933
2480
2732
2016
2941
3514
2836
2190
3175
2252
2842
3748
2855
2232
3317
2248
2594
3586
2724
2446
2534
2449
3126
3688
2709
2219
2892
2041
2627
3718
2722
2444
2890
2191
2815
3670
2784
2790
3521
2098
2444
3361
2702
1946
2974
1900
3083
3659
3183
2526
2737
2456
2673
3503
2770
2300
2891
2259
2649
3560
2731
2107
2788
2212
3481
4147
2453
1886
3132
2083
2758
3558
2722
2313
2566
1042
2823
3938
2931
2104
3115
3008
2637
3417
2350
2780
2310
2218
2446
3346
2941
2179
2885
2757
2698
3912
2776
2404
2818
2229
2182
3005
2941
2898
2719
2461
2457
3331
2782
2316
3281
2264
2699
3661
2596
3284
2618
2486
2473
3399
2773
3278
2784
2959
2804
3612
3126
2319
2930
2759
3533
4280
2469
2385
2661
2232
2751
3660
2622
3062
2911
2299
2391
3358
2677
2793
2735
2220
2994
3874
3873
2772
4137
3400
2102
2719
3274
3057
4358
2935
3393
4039
3456
2358
3156
3079
2920
3827
3002
3336
3999
2949
2491
3080
2974
3361
4043
2869
3239
4183
2662
1954
2970
4288
3170
2002
1677
2662
3193
3761
3199
2279
2539
2491
2957
3549
2907
2424
2633
2370
2679
3841
3221
2173
2598
1990
2492
3284
3136
2159
2137
2553
2890
3827
2619
2673
2559
2696
3166
4114
2654
1969
2635
2335
2723
3600
2547
2338
2216
2182
2380
3185
3267
2266
2101
2013
2807
3767
2881
2240
2926
2916
3279
3552
3312
2041
2466
2210
2576
3460
3852
2237
2399
2236
2763
3765
3434
2376
2460
2087
2453
3277
3186
2392
2024
2347
2856
4033
3346
2724
2041
2050
2370
3279
3209
2257
2250
2339
3530
3749
3123
2408
2336
2771
2461
3453
2972
2777
2332
1942
2344
3534
3228
2007
2818
2626
1943
4565
3629
2306
2330
2880
3314
3861
3226
2790
2302
2396
3170
3730
3262
2829
2600
2822
3152
3607
2716
2041
2295
2054
2387
3243
3605
2053
2460
2005
2749
3648
3115
2532
2499
2604
2792
3311
3589
2010
2183
2886
2532
3456
3293
2192
2140
1635
2725
3211
3184
3082
3213
2815
3712
4560
3675
2967
1957
3026
2929
3872
3333
2732
2902
2769
3864
4453
2422
2960
2569
2628
3699
3990
2991
2910
2463
3251
3328
4074
3548
3008
2820
3089
2980
2463
2195
1885
3611
4259
3074
2345
2556
2371
3845
4199
3594
2601
1964
2008
2599
3700
3650
2455
2365
2776
3739
4242
3237
1977
2128
2110
2711
3757
3272
2460
1897
2296
2683
3620
3919
2842
2112
2031
2649
3440
3644
2599
2515
2523
3353
4350
3441
2159
2149
2409
2736
3664
3157
2147
2364
2661
3121
3654
3017
2464
2495
2231
2610
3453
3453
2114
2612
2383
2987
3574
2986
3097
2843
2379
3778
4334
2963
2338
2212
3427
3808
4280
3107
2075
1995
2492
2195
3944
3135
2036
2326
2691
3004
3946
3305
2263
2114
2484
3978
4965
2667
1485
2408
2372
3961
4141
3468
2154
2252
2293
2859
3454
2663
1935
2399
2479
2963
3533
3448
2234
2138
2120
4125
4775
3043
1985
2153
2100
2357
3160
2948
2090
2007
2791
3914
4101
3378
2339
2593
2510
2746
3673
3417
1916
2138
2796
4083
4409
2679
2153
1919
2603
3069
4045
3098
2346
2126
2534
3754
4044
4625
2806
3096
3038
3804
4301
3075
2641
2889
2981
3904
4589
2451
3042
2577
3380
4030
4701
3189
2620
2673
3141
2793
3563
2981
2405
3003
2928
3528
4307
3155
2970
3572
3003
3682
4656
2577
2780
4138
5128
2798
2651
2235
2442
3152
3747
2876
2236
2666
2765
2975
3882
2983
2122
2134
2589
3066
3589
2772
1818
2559
3376
4036
4695
3091
2827
2737
2875
3721
4092
2279
2543
2659
2283
3825
4454
2221
2466
2321
2700
2723
3221
3024
2286
2064
2429
3768
4497
2672
1980
2151
4449
2677
3518
2859
2798
2093
3963
3125
4362
3120
2679
2681
3853
2952
3523
2408
2793
2339
2590
2827
3395
2904
2457
2229
2221
2576
3376
2738
2344
2422
2723
3079
4235
2687
2587
3227
2853
3463
4143
2320
2810
2841
2385
2605
3304
2337
2405
2468
3285
3138
3691
2250
2748
3200
3171
3172
3777
2420
2658
3150
2533
3177
3755
2528
2176
2189
3035
3642
4296
2497
2478
3754
2875
3667
4556
2670
1954
2468
3168
2981
3905
2108
2870
1873
2681
2905
3907
2448
4119
1852
3036
3797
4992
2430
2807
2866
2539
2940
3539
2229
2474
3781
3220
2904
3949
2362
2709
2506
3559
3646
3841
2130
3177
2664
3721
3192
4333
2305
2794
3143
4231
3041
4154
3185
3048
3536
4153
5634
7200
2243
3259
2905
3790
3186
4226
2202
2577
2980
3542
4087
4357
2010
3213
2928
3999
3515
4539
2949
3150
2806
3813
2398
2563
2886
2699
2957
3851
2748
2056
2678
2822
3577
4244
2131
1503
2168
2597
3556
3807
2350
3278
2702
2586
2770
3793
2981
3154
3002
2817
2464
3187
2417
3291
2882
2724
3099
4034
3348
2992
2133
2979
1113
3827
2655
2929
3126
2674
1176
4021
3052
2995
2661
2417
3017
3699
2243
2634
2472
2891
1177
3779
2730
3097
2878
3006
3724
4421
3121
2410
3098
3020
2732
3600
3011
2870
2858
2461
2283
3129
2861
2370
1969
2143
2934
3523
3033
3278
2461
2597
2840
3922
2972
2718
2048
2968
2307
3347
3005
2799
2582
2660
2484
3507
3049
3381
2872
2787
2696
3578
2534
2997
2978
2611
2350
3271
2899
2708
2590
2179
2666
4628
2908
2489
2860
3047
1016
4051
3022
3820
2624
3065
2648
3776
2739
2618
2871
3153
2667
4078
2876
2974
2840
2612
2636
3512
3394
2968
2749
2709
2635
3938
3582
2108
2666
2427
2518
4215
2672
3115
2953
2974
3375
3609
3644
2822
2309
2655
2979
3783
3267
2889
2864
2849
4651
5187
2211
3438
2997
3003
4104
4858
3203
3913
3083
2474
3713
4587
2480
3608
2900
3049
3277
4377
2844
3442
2891
3856
